0
0
0
0
0
0
0
0
0
0
0
0
0
0
0
0
0
0
0
0
0
0
0
0
0
0
0
0
0
0
0
0
0
0
0
0.455058
2.83479
1.49201
9.23857
9.9781
94.9825
100.117
9.85052
10.349
5.24832
3.23641
1.42968
0.545566
0.112986
0.508083
0.619797
0.216234
1.00486
0.684188
2.25579
5.93085
8.99161
71.1916
81.6993
10.6602
6.98593
4.13106
2.62844
1.26968
1.27096
0.994442
0.284681
1.24339
1.16562
2.97705
26.0724
28.369
3.68585
2.85085
2.10192
1.85521
0.848531
1.0061
1.07597
1.69757
2.74141
11.2921
11.1804
1.26194
1.41641
1.09071
1.31428
2.05907
3.20763
4.24004
30.4743
31.7517
2.75476
3.05135
1.73086
1.38959
1.53069
2.76492
3.04066
19.6709
